[{"id": 0, "img_name": "IMG_2931.JPG", "width": 3899, "height": 2924, "position": [-1.0355951005533628, 0.2676959007410262, 2.8932592479681354], "rotation": [[0.4366842944213532, -0.05776696661620881, 0.8977582105298101], [0.13462420124110658, -0.9825028113755254, -0.12870334136836672], [0.8894847674052202, 0.17706270981533662, -0.42126671521368836]], "fy": 4098.302733061712, "fx": 4098.302733061712}, {"id": 1, "img_name": "IMG_2932.JPG", "width": 3899, "height": 2924, "position": [-1.075169784837768, 0.5186466881311517, 2.8350456294783304], "rotation": [[0.44008932837935494, -0.0699946136354664, 0.8952218368139988], [0.19123415794140314, -0.9667809251949927, -0.16959993960952893], [0.8773544778953665, 0.245836117649818, -0.41208460706002326]], "fy": 4098.302733061712, "fx": 4098.302733061712}, {"id": 2, "img_name": "IMG_2933.JPG", "width": 3899, "height": 2924, "position": [-1.0493492124255386, 0.8324529555310081, 2.741500282176723], "rotation": [[0.45534274201281993, -0.10127481645488053, 0.8845373925664628], [0.2772696620280801, -0.927970959594909, -0.24898078774744364], [0.8460404965573936, 0.3586269784895353, -0.39446440711981307]], "fy": 4098.302733061712, "fx": 4098.302733061712}, {"id": 3, "img_name": "IMG_2934.JPG", "width": 3899, "height": 2924, "position": [-1.0029533556575168, 1.182218153813867, 2.642829015272178], "rotation": [[0.46768589553795437, -0.13475504663410326, 0.8735622362038679], [0.34465252794205803, -0.8822799878495656, -0.3206191791258265], [0.8139315315786766, 0.4510245009384863, -0.36618623875724576]], "fy": 4098.302733061712, "fx": 4098.302733061712}, {"id": 4, "img_name": "IMG_2935.JPG", "width": 3899, "height": 2924, "position": [-0.9380830196607894, 1.6406769618930255, 2.40181050621437], "rotation": [[0.4962614953909627, -0.1785592030685207, 0.8496123464215076], [0.430617277528703, -0.7991306042946411, -0.4194747162505146], [0.753852298853093, 0.5740269055359831, -0.31968707079688113]], "fy": 4098.302733061712, "fx": 4098.302733061712}, {"id": 5, "img_name": "IMG_2936.JPG", "width": 3899, "height": 2924, "position": [-0.8540696019581397, 1.9578786078158272, 2.1930216170077843], "rotation": [[0.5146886045380592, -0.21030420416073833, 0.8311845655875617], [0.49646649566068013, -0.7172797312824316, -0.48890776817085435], [0.6990112009439255, 0.6642905454721755, -0.26476671269479857]], "fy": 4098.302733061712, "fx": 4098.302733061712}, {"id": 6, "img_name": "IMG_2937.JPG", "width": 3899, "height": 2924, "position": [-0.7684092458747981, 2.357899744940645, 1.8457363652296508], "rotation": [[0.5591624024140374, -0.24175343736681348, 0.7930275425531526], [0.5714735151079773, -0.580594077879748, -0.579938391780624], [0.6006291944758384, 0.7774739817204781, -0.18649069277315333]], "fy": 4098.302733061712, "fx": 4098.302733061712}, {"id": 7, "img_name": "IMG_2938.JPG", "width": 3899, "height": 2924, "position": [-0.6337879728468316, 2.5136493179133037, 1.5198971923036144], "rotation": [[0.5825395856457688, -0.26361706375612937, 0.7688651863963233], [0.6105156485049662, -0.48256060930699685, -0.6280174370794338], [0.5365801655728775, 0.835249245460214, -0.12016831475861939]], "fy": 4098.302733061712, "fx": 4098.302733061712}, {"id": 8, "img_name": "IMG_2939.JPG", "width": 3899, "height": 2924, "position": [-0.4381336595663803, 2.7293925117216444, 0.9841571210973307], "rotation": [[0.6176696623710168, -0.28443868852540105, 0.7331976682017092], [0.6619308152229096, -0.3153870781573999, -0.6799842548101183], [0.4246548999420683, 0.905331775318467, -0.006526297105108585]], "fy": 4098.302733061712, "fx": 4098.302733061712}, {"id": 9, "img_name": "IMG_2940.JPG", "width": 3899, "height": 2924, "position": [-0.3155666430019545, 2.836618235312175, 0.5676358473144618], "rotation": [[0.6504352140527299, -0.29015350342951485, 0.7019579594019558], [0.6867277735106471, -0.1702514210005919, -0.7066961289949085], [0.3245596977588081, 0.9417140744912211, 0.08851894992516328]], "fy": 4098.302733061712, "fx": 4098.302733061712}, {"id": 10, "img_name": "IMG_2941.JPG", "width": 3899, "height": 2924, "position": [-0.0989041047228214, 2.8248651499791957, 0.15237815409876965], "rotation": [[0.6766937486392188, -0.30213242709873095, 0.67141758023456], [0.6966751896599984, -0.032248713750058805, -0.7166614965056181], [0.23817903069919255, 0.9527203246267483, 0.18866566295512366]], "fy": 4098.302733061712, "fx": 4098.302733061712}, {"id": 11, "img_name": "IMG_2942.JPG", "width": 3899, "height": 2924, "position": [0.11653925057736932, 2.795188633586643, -0.5250579727604637], "rotation": [[0.7273331063684345, -0.30018596580100065, 0.61715066095449], [0.678311737357499, 0.17776900900242928, -0.7129455564076022], [0.104305989010674, 0.9371694432568822, 0.3329169495265907]], "fy": 4098.302733061712, "fx": 4098.302733061712}, {"id": 12, "img_name": "IMG_2943.jpg", "width": 3899, "height": 2924, "position": [0.24939393213437552, 2.7059337456611523, -0.9725691110221901], "rotation": [[0.759744269601974, -0.2908394236134215, 0.581550577748123], [0.650015081455012, 0.3171580886203936, -0.6905730524019107], [0.016402398848852726, 0.9026755654690511, 0.430009052017666]], "fy": 4098.302733061712, "fx": 4098.302733061712}, {"id": 13, "img_name": "IMG_2944.jpg", "width": 3899, "height": 2924, "position": [0.4108190083310772, 2.5631647927738905, -1.3475424638043947], "rotation": [[0.78971578968452, -0.27811866497340143, 0.5468079916354255], [0.6095264957184733, 0.45665400580014187, -0.6480313032592191], [-0.06947245886042006, 0.8450545113660399, 0.530147574058196]], "fy": 4098.302733061712, "fx": 4098.302733061712}, {"id": 14, "img_name": "IMG_2945.jpg", "width": 3899, "height": 2924, "position": [0.541109496078619, 2.3665835059353397, -1.6051326863477362], "rotation": [[0.8094269906912004, -0.2601422163004484, 0.5264541518868264], [0.5696206649795758, 0.5656798166926483, -0.596270612234745], [-0.1426893295548518, 0.7825166913778021, 0.6060588939586024]], "fy": 4098.302733061712, "fx": 4098.302733061712}, {"id": 15, "img_name": "IMG_2946.jpg", "width": 3899, "height": 2924, "position": [0.6046105941507752, 2.186228722498987, -1.8057558416526347], "rotation": [[0.829102550762399, -0.23826232283486593, 0.5057865417709505], [0.5224774661300448, 0.6521997421198038, -0.5492292724948201], [-0.1990132098771618, 0.7196294615259962, 0.6652271645071276]], "fy": 4098.302733061712, "fx": 4098.302733061712}, {"id": 16, "img_name": "IMG_2947.jpg", "width": 3899, "height": 2924, "position": [0.667484578089837, 1.9836447741099037, -2.039794881664452], "rotation": [[0.8485224247400274, -0.211028468145733, 0.48525939490685766], [0.46453701241676937, 0.7362216063585705, -0.4921210322935895], [-0.2534069036317016, 0.642996681144523, 0.7227310767006785]], "fy": 4098.302733061712, "fx": 4098.302733061712}, {"id": 17, "img_name": "IMG_2948.jpg", "width": 3899, "height": 2924, "position": [0.752874568858687, 1.7019992389299303, -2.3146511769925096], "rotation": [[0.8617863491853831, -0.18883889763215808, 0.4708122333784457], [0.41723453548995626, 0.7917464533126164, -0.4461534445248331], [-0.2885127913147166, 0.580928071630184, 0.7611063952167441]], "fy": 4098.302733061712, "fx": 4098.302733061712}, {"id": 18, "img_name": "IMG_2949.jpg", "width": 3899, "height": 2924, "position": [0.8010794256596896, 1.4983327498165817, -2.4654263420191933], "rotation": [[0.870318398083443, -0.17502472364769472, 0.46033925758023014], [0.3834709154077874, 0.8273445877700486, -0.41042781353597607], [-0.309024178655624, 0.5337295937079528, 0.7871701072872118]], "fy": 4098.302733061712, "fx": 4098.302733061712}, {"id": 19, "img_name": "IMG_2950.jpg", "width": 3899, "height": 2924, "position": [0.8575094571815798, 1.2097036114161641, -2.622588559362028], "rotation": [[0.8829748573688613, -0.1437716056686659, 0.446861417732492], [0.31512521768669527, 0.8871040643888022, -0.3372572847586552], [-0.34792455853582965, 0.4386070044451198, 0.8285966432585438]], "fy": 4098.302733061712, "fx": 4098.302733061712}, {"id": 20, "img_name": "IMG_2951.jpg", "width": 3899, "height": 2924, "position": [0.9167780911927853, 0.762796948029522, -2.803542955548799], "rotation": [[0.8970622373367549, -0.09491284636042298, 0.43159111893102964], [0.21148360575177905, 0.9497636570528692, -0.23070257961233523], [-0.38801292097377577, 0.2982290182683813, 0.8720696221174522]], "fy": 4098.302733061712, "fx": 4098.302733061712}, {"id": 21, "img_name": "IMG_2952.jpg", "width": 3899, "height": 2924, "position": [0.9556332306900222, 0.202009596571546, -2.932938896373244], "rotation": [[0.9064516082464942, -0.03492158705475688, 0.4208633562867182], [0.08406234477456025, 0.9915525778539204, -0.09877756598665673], [-0.4138586764806884, 0.1249158441064319, 0.901730019347715]], "fy": 4098.302733061712, "fx": 4098.302733061712}, {"id": 22, "img_name": "IMG_2953.jpg", "width": 3899, "height": 2924, "position": [0.9616666326652467, -0.24446330294799518, -2.9828958408042294], "rotation": [[0.9083372690318036, 0.016889956647989434, 0.41789727811063077], [-0.024874999371204208, 0.9995971316615299, 0.013667800859132533], [-0.4174980719645631, -0.022810167436284882, 0.9083914663664564]], "fy": 4098.302733061712, "fx": 4098.302733061712}, {"id": 23, "img_name": "IMG_2954.jpg", "width": 3899, "height": 2924, "position": [0.9360878146423596, -0.7027786663666594, -2.974159951366987], "rotation": [[0.9052653875856221, 0.07056773411135447, 0.4189448328143486], [-0.13495833309469388, 0.9827974521404766, 0.1260770256410302], [-0.40284094425437317, -0.17067326377782938, 0.8992162201960485]], "fy": 4098.302733061712, "fx": 4098.302733061712}, {"id": 24, "img_name": "IMG_2955.jpg", "width": 3899, "height": 2924, "position": [0.9248120953816154, -1.1920212863520463, -2.854037279914202], "rotation": [[0.8969019342929979, 0.10877348975464807, 0.4286434977788352], [-0.22034156446756592, 0.9503139227133663, 0.21989325425105613], [-0.3834273271813895, -0.29167066397519237, 0.8763057163723207]], "fy": 4098.302733061712, "fx": 4098.302733061712}, {"id": 25, "img_name": "IMG_2956.jpg", "width": 3899, "height": 2924, "position": [0.8358720734195645, -1.7664756703845628, -2.6185375609604997], "rotation": [[0.8801811018384753, 0.16577018951372946, 0.4447487742928471], [-0.34042508590880866, 0.8734368480373584, 0.3481649513873338], [-0.33074459761330616, -0.4578518502301224, 0.825214938298178]], "fy": 4098.302733061712, "fx": 4098.302733061712}, {"id": 26, "img_name": "IMG_2957.jpg", "width": 3899, "height": 2924, "position": [0.7450490043223835, -2.176777047859593, -2.3314356268256553], "rotation": [[0.8639809527030459, 0.19963141672185783, 0.4622598953229247], [-0.4153889342729793, 0.801452689359734, 0.4302622688565753], [-0.284585569995908, -0.5637560502342068, 0.7753645395389388]], "fy": 4098.302733061712, "fx": 4098.302733061712}, {"id": 27, "img_name": "IMG_2958.jpg", "width": 3899, "height": 2924, "position": [0.6678495168136219, -2.5481833228391912, -2.1173263854496347], "rotation": [[0.8420723389484135, 0.23708934311307484, 0.484461370348719], [-0.4929770521392831, 0.702740348531801, 0.5129616248896848], [-0.21883281756174183, -0.6707791334915045, 0.7086378144231196]], "fy": 4098.302733061712, "fx": 4098.302733061712}, {"id": 28, "img_name": "IMG_2959.jpg", "width": 3899, "height": 2924, "position": [0.5361357211688895, -2.856903429046378, -1.7164145843211187], "rotation": [[0.8162257712268443, 0.26935127649371776, 0.511102123099042], [-0.5611973078554645, 0.5797922684014393, 0.590676313354186], [-0.1372336403398319, -0.7689543649353441, 0.6244006026630334]], "fy": 4098.302733061712, "fx": 4098.302733061712}, {"id": 29, "img_name": "IMG_2960.jpg", "width": 3899, "height": 2924, "position": [0.3645274630239388, -3.1283616337799987, -1.2066573112425028], "rotation": [[0.7786952707277415, 0.3004323360718651, 0.55079405115583], [-0.6268329403866754, 0.4099336082014582, 0.662597088518451], [-0.0267234015881932, -0.8612170738607864, 0.5075342466259994]], "fy": 4098.302733061712, "fx": 4098.302733061712}, {"id": 30, "img_name": "IMG_2961.jpg", "width": 3899, "height": 2924, "position": [0.20829513231793126, -3.3454458659933666, -0.7693442667533991], "rotation": [[0.7392827059523683, 0.3206979142210329, 0.5921266152555743], [-0.667878537476258, 0.23686828227804388, 0.7055718787120298], [0.08601941558926354, -0.9170857455357855, 0.3892998785984318]], "fy": 4098.302733061712, "fx": 4098.302733061712}, {"id": 31, "img_name": "IMG_2962.jpg", "width": 3899, "height": 2924, "position": [0.02320127000970612, -3.4527763417592308, -0.21689817109208026], "rotation": [[0.7009171871529534, 0.3265214890235681, 0.6341126193030885], [-0.6837343860015487, 0.05452320461108888, 0.7276912185522252], [0.20303296814231164, -0.9436158844385615, 0.26147022102441014]], "fy": 4098.302733061712, "fx": 4098.302733061712}, {"id": 32, "img_name": "IMG_2963.jpg", "width": 3899, "height": 2924, "position": [-0.1454044277913415, -3.4597706307251688, 0.29143219397736314], "rotation": [[0.6611953056317829, 0.3244278274557055, 0.676437249553027], [-0.6762677144707859, -0.1325958947087863, 0.7246242523341567], [0.3247810742253197, -0.9365708267284152, 0.13172828225669694]], "fy": 4098.302733061712, "fx": 4098.302733061712}, {"id": 33, "img_name": "IMG_2964.jpg", "width": 3899, "height": 2924, "position": [-0.3825122734127127, -3.2451605365105456, 1.0303297871236763], "rotation": [[0.6106640224393733, 0.3062306010524918, 0.7302823225829814], [-0.6362499064426397, -0.3593081901318777, 0.6827032159407821], [0.47146103577061016, -0.8815443513988299, -0.024577393411822263]], "fy": 4098.302733061712, "fx": 4098.302733061712}, {"id": 34, "img_name": "IMG_2965.jpg", "width": 3899, "height": 2924, "position": [-0.5500237929589682, -3.0717738425934047, 1.5244074825525855], "rotation": [[0.5716987745524519, 0.27818912754926645, 0.7718622419114713], [-0.5736238682911413, -0.5371021506379049, 0.6184471986409545], [0.5866141567520613, -0.7963241105815614, -0.14748471786782869]], "fy": 4098.302733061712, "fx": 4098.302733061712}, {"id": 35, "img_name": "IMG_2966.jpg", "width": 3899, "height": 2924, "position": [-0.68770785910702, -2.814632159016432, 1.952044072101722], "rotation": [[0.541338233227108, 0.24639473825941277, 0.8038921259750148], [-0.5013668481561661, -0.6729290136018629, 0.5438729872155599], [0.6749697777060136, -0.6974641034568733, -0.24074804998710775]], "fy": 4098.302733061712, "fx": 4098.302733061712}, {"id": 36, "img_name": "IMG_2967.jpg", "width": 3899, "height": 2924, "position": [-0.7909700889908025, -2.4552665884072686, 2.256805825194764], "rotation": [[0.5197333379342312, 0.21336231511308115, 0.8272567799234579], [-0.42666654929958064, -0.7740842571604667, 0.46770633791420513], [0.7401573570184456, -0.5960453718517698, -0.3112828320764809]], "fy": 4098.302733061712, "fx": 4098.302733061712}, {"id": 37, "img_name": "IMG_2968.jpg", "width": 3899, "height": 2924, "position": [-0.9093249828409793, -1.9890040157417788, 2.573788572496297], "rotation": [[0.5020217785750971, 0.17207042644132528, 0.847564689083138], [-0.3337015291466565, -0.8655798772521609, 0.37338286723056385], [0.7978830887300965, -0.4702799638943106, -0.37711978505255644]], "fy": 4098.302733061712, "fx": 4098.302733061712}, {"id": 38, "img_name": "IMG_2969.jpg", "width": 3899, "height": 2924, "position": [-0.9587868056450718, -1.5506467716697308, 2.760343808862764], "rotation": [[0.48599244750007115, 0.12895504649952638, 0.8643968631104555], [-0.23871162798793416, -0.9318592134530573, 0.27323097365781834], [0.840730693882554, -0.3391297720415509, -0.4220934707843808]], "fy": 4098.302733061712, "fx": 4098.302733061712}, {"id": 39, "img_name": "IMG_2970.jpg", "width": 3899, "height": 2924, "position": [-1.0451515206220832, -1.0310733110007828, 2.958933777627788], "rotation": [[0.47755590330306824, 0.07479901532502693, 0.8754115983506255], [-0.12064647310235825, -0.9813483208328504, 0.14966596716190086], [0.8702785690503657, -0.1770891879956301, -0.45962444641978756]], "fy": 4098.302733061712, "fx": 4098.302733061712}, {"id": 40, "img_name": "IMG_2971.jpg", "width": 3899, "height": 2924, "position": [-1.1136050769603851, -0.37038205140835884, 3.0972150822531486], "rotation": [[0.47578245668434593, 0.012164229033772388, 0.8794788715162077], [0.015618770095550056, -0.9998635465034985, 0.005379813579356108], [0.8794243048336284, 0.011176757376815605, -0.4759075248012254]], "fy": 4098.302733061712, "fx": 4098.302733061712}, {"id": 41, "img_name": "IMG_2972.jpg", "width": 3899, "height": 2924, "position": [-1.0902937142028821, 0.12413450115159566, 3.0677868652443347], "rotation": [[0.4791947520140489, -0.03745978627539896, 0.8769088630264807], [0.1197754398641858, -0.986951516368813, -0.10761295620249549], [0.8694976904210467, 0.15659970865075337, -0.4684552247578883]], "fy": 4098.302733061712, "fx": 4098.302733061712}, {"id": 42, "img_name": "IMG_2973.jpg", "width": 3899, "height": 2924, "position": [-1.0430559570468994, 0.790840124303217, 2.9114202571924146], "rotation": [[0.4907942594167143, -0.099002396429542, 0.8656324395635868], [0.2523155185149817, -0.9348003429193181, -0.24997039423587816], [0.8339411694119165, 0.34109653234697684, -0.4338148010162313]], "fy": 4098.302733061712, "fx": 4098.302733061712}, {"id": 43, "img_name": "IMG_2974.jpg", "width": 3899, "height": 2924, "position": [-0.991908961870609, 1.2422607663426393, 2.758499479605716], "rotation": [[0.5047412171623261, -0.1410408652758267, 0.8516711677752979], [0.33735933309565824, -0.8758843132390226, -0.3449860144919773], [0.7946225418843504, 0.4614478780361356, -0.394513462108965]], "fy": 4098.302733061712, "fx": 4098.302733061712}, {"id": 44, "img_name": "IMG_2975.jpg", "width": 3899, "height": 2924, "position": [-0.9085725627082434, 1.646474283823734, 2.5141974614050353], "rotation": [[0.5225504356814504, -0.1808405447927334, 0.8332093011531937], [0.41498595911503017, -0.7997336107419463, -0.4338349981122166], [0.7448004403237853, 0.5724708282600223, -0.3428548597946065]], "fy": 4098.302733061712, "fx": 4098.302733061712}, {"id": 45, "img_name": "IMG_2976.jpg", "width": 3899, "height": 2924, "position": [0.10816921566195277, 1.2642167729426128, 4.521074568234675], "rotation": [[0.8027844353459878, -0.11013738345163078, 0.5860093063532799], [0.0957705718908477, -0.9462165887256857, -0.3090342453192301], [0.5885279499955152, 0.30421032853398416, -0.7490600296954321]], "fy": 4098.302733061712, "fx": 4098.302733061712}, {"id": 46, "img_name": "IMG_2977.jpg", "width": 3899, "height": 2924, "position": [0.2251308652682523, 1.9297121572839568, 4.214813693789182], "rotation": [[0.8121175061784878, -0.16517650977677786, 0.5596265511717577], [0.13960231930636488, -0.8762380492447764, -0.4612136961322721], [0.5665477460926994, 0.4526848812073031, -0.6885492355116019]], "fy": 4098.302733061712, "fx": 4098.302733061712}, {"id": 47, "img_name": "IMG_2978.jpg", "width": 3899, "height": 2924, "position": [0.37416444060495657, 2.5466014635255054, 3.815022569120949], "rotation": [[0.8198028052168371, -0.2155678880960789, 0.5305222391006816], [0.17112969579917067, -0.7918802919104913, -0.5862083507588731], [0.5464778017214311, 0.5713633597856543, -0.612295617590197]], "fy": 4098.302733061712, "fx": 4098.302733061712}, {"id": 48, "img_name": "IMG_2979.jpg", "width": 3899, "height": 2924, "position": [0.4458122892988181, 2.9464199550600676, 3.4600207226917727], "rotation": [[0.8329342355197981, -0.22868614416808652, 0.5039079348101028], [0.22237072706985714, -0.6955321667606706, -0.6832175822851977], [0.5067265722670095, 0.6811296884343988, -0.5284794494507682]], "fy": 4098.302733061712, "fx": 4098.302733061712}, {"id": 49, "img_name": "IMG_2980.jpg", "width": 3899, "height": 2924, "position": [0.6203937292737356, 3.311616866574453, 2.989656699742736], "rotation": [[0.8404555151524725, -0.2583035946893866, 0.4763546788059639], [0.25035111174642394, -0.5945417507346912, -0.7640971322290495], [0.4805817806545744, 0.7614455723187766, -0.4350193012947921]], "fy": 4098.302733061712, "fx": 4098.302733061712}, {"id": 50, "img_name": "IMG_2981.jpg", "width": 3899, "height": 2924, "position": [0.7219571493784962, 3.5409557380242034, 2.651255476846651], "rotation": [[0.8506365026457775, -0.27595101027743746, 0.44751377665209585], [0.2649848110211027, -0.5101412731786406, -0.8182535861991598], [0.4540931515610764, 0.8146207223773141, -0.36082196216249374]], "fy": 4098.302733061712, "fx": 4098.302733061712}, {"id": 51, "img_name": "IMG_2982.jpg", "width": 3899, "height": 2924, "position": [0.880087945509896, 3.754535223112695, 2.203964411187718], "rotation": [[0.8606972268917613, -0.29291510191410036, 0.4164144890508543], [0.2845546193422306, -0.4014617736268321, -0.8705498911190536], [0.42217170941671367, 0.8677725435775496, -0.26218668993890487]], "fy": 4098.302733061712, "fx": 4098.302733061712}, {"id": 52, "img_name": "IMG_2988.jpg", "width": 3899, "height": 2924, "position": [2.067307265982236, 3.863231844449238, -1.2109543763998567], "rotation": [[0.9421925078218267, -0.2942338891758922, 0.16031124933967075], [0.28069877942437255, 0.4318306955702199, -0.857164188235257], [0.1829794344566753, 0.8526128481460788, 0.48945873957070835]], "fy": 4098.302733061712, "fx": 4098.302733061712}, {"id": 53, "img_name": "IMG_2989.jpg", "width": 3899, "height": 2924, "position": [2.2836049055247125, 3.4483513521631872, -1.8801265440905472], "rotation": [[0.9575270906250695, -0.26411772217621643, 0.11568794038938146], [0.25515632844994673, 0.5892559514049416, -0.7665981162159217], [0.1343023408993046, 0.7635569740145813, 0.6316198450513275]], "fy": 4098.302733061712, "fx": 4098.302733061712}, {"id": 54, "img_name": "IMG_2990.jpg", "width": 3899, "height": 2924, "position": [2.4494050694692637, 3.0111035995137376, -2.4075410932665293], "rotation": [[0.9704589643118071, -0.22735788114063205, 0.08073284629007704], [0.2218754632232839, 0.7095790463755403, -0.6687816203845857], [0.09476643607474201, 0.6669377563371419, 0.7390624816385085]], "fy": 4098.302733061712, "fx": 4098.302733061712}, {"id": 55, "img_name": "IMG_2991.jpg", "width": 3899, "height": 2924, "position": [2.6023966340648337, 2.431874223061362, -2.871619773757162], "rotation": [[0.9823035835641644, -0.18211963562393096, 0.04372765757741369], [0.17651977389200105, 0.8221536857597311, -0.5412061404093697], [0.06261341024187829, 0.5393475273994459, 0.8397522286638996]], "fy": 4098.302733061712, "fx": 4098.302733061712}, {"id": 56, "img_name": "IMG_2992.jpg", "width": 3899, "height": 2924, "position": [2.7300519762585935, 1.7294222140888085, -3.2741252538275423], "rotation": [[0.9915845273361127, -0.12787425301362643, 0.020206448570326614], [0.12555804037051685, 0.911869266320945, -0.39080637102997345], [0.031548433335648336, 0.39005463278303554, 0.9202510960594166]], "fy": 4098.302733061712, "fx": 4098.302733061712}, {"id": 57, "img_name": "IMG_2993.jpg", "width": 3899, "height": 2924, "position": [2.817237242408683, 0.8173602154826853, -3.5724090643660067], "rotation": [[0.9982359238003299, -0.059326022785123514, 0.0023374034741285203], [0.058663875965824425, 0.9795021302184915, -0.1927021706003943], [0.009142761681692764, 0.19249935043510172, 0.9812545082652592]], "fy": 4098.302733061712, "fx": 4098.302733061712}, {"id": 58, "img_name": "IMG_2994.jpg", "width": 3899, "height": 2924, "position": [2.8525977528018336, 0.0009874197787855365, -3.6907033606008426], "rotation": [[0.9999936553789078, -0.0032736261264678206, -0.0014044835044202434], [0.003256931425939466, 0.9999259117382427, -0.011728743842828624], [0.0014427749709532663, 0.011724095121930294, 0.9999302295630208]], "fy": 4098.302733061712, "fx": 4098.302733061712}, {"id": 59, "img_name": "IMG_2995.jpg", "width": 3899, "height": 2924, "position": [2.847404369595923, -0.8924188748378648, -3.6823026656605617], "rotation": [[0.9979555810970826, 0.06383336553766386, 0.003155883603562021], [-0.0633336243694483, 0.9811042020764107, 0.18282066812108289], [0.008573807871294272, -0.1826467796380339, 0.9831412124951542]], "fy": 4098.302733061712, "fx": 4098.302733061712}, {"id": 60, "img_name": "IMG_2996.jpg", "width": 3899, "height": 2924, "position": [2.6939785465615964, -2.3013194965697488, -3.1358296289449297], "rotation": [[0.9881694963698199, 0.1511049607351986, 0.026236182752649165], [-0.14710197859267268, 0.8854485740401152, 0.4408421833541423], [0.04338265019955785, -0.4394861926972683, 0.8972011101699118]], "fy": 4098.302733061712, "fx": 4098.302733061712}, {"id": 61, "img_name": "IMG_2997.jpg", "width": 3899, "height": 2924, "position": [2.542775598524106, -2.953047296140604, -2.6311262978240513], "rotation": [[0.9779567406403619, 0.20091522012270202, 0.05686552346656493], [-0.19463718301910432, 0.7785192123615949, 0.596677637397506], [0.07561071632029383, -0.5945930627806956, 0.8004636839173929]], "fy": 4098.302733061712, "fx": 4098.302733061712}, {"id": 62, "img_name": "IMG_2998.jpg", "width": 3899, "height": 2924, "position": [2.3063171800732025, -3.632172153192429, -1.8815859825247148], "rotation": [[0.9628550825198351, 0.24922352573575787, 0.10391209884108656], [-0.24056001165271185, 0.6169558592698948, 0.749330600273466], [0.12264163591280428, -0.7464938726690151, 0.6539922990435341]], "fy": 4098.302733061712, "fx": 4098.302733061712}, {"id": 63, "img_name": "IMG_2999.jpg", "width": 3899, "height": 2924, "position": [2.119987257593775, -4.020840087307747, -1.2911210655023593], "rotation": [[0.9488322639910516, 0.27979818682671503, 0.14639094732290647], [-0.26797562308730993, 0.468200133996526, 0.8420081353268525], [0.16705208840533345, -0.8381536906642586, 0.519222486594426]], "fy": 4098.302733061712, "fx": 4098.302733061712}, {"id": 64, "img_name": "IMG_3001.jpg", "width": 3899, "height": 2924, "position": [1.961225225623732, -4.2596150133210795, -0.8109904377721306], "rotation": [[0.9364433949287261, 0.29808391251266453, 0.18498580809214588], [-0.28447930589937254, 0.3366506227453121, 0.8976290340225213], [0.2052931869531311, -0.893203414293931, 0.40005295659986195]], "fy": 4098.302733061712, "fx": 4098.302733061712}, {"id": 65, "img_name": "IMG_3006.jpg", "width": 3899, "height": 2924, "position": [0.846235602829843, -4.028085697137819, 2.5114296710826975], "rotation": [[0.8537194695850476, 0.2719597174228663, 0.4440731689155513], [-0.259422520656213, -0.5172987351907836, 0.8155378436016273], [0.45151193010573015, -0.8114431161019792, -0.3710755264133003]], "fy": 4098.302733061712, "fx": 4098.302733061712}, {"id": 66, "img_name": "IMG_3007.jpg", "width": 3899, "height": 2924, "position": [0.6380530495669123, -3.5846760626911207, 3.0794601748401425], "rotation": [[0.8354314456517719, 0.23736974724432394, 0.49569133814235267], [-0.22700962096676447, -0.6723504748731938, 0.7045647386339426], [0.5005206605173421, -0.7011422409404212, -0.5078175128570569]], "fy": 4098.302733061712, "fx": 4098.302733061712}, {"id": 67, "img_name": "IMG_3008.jpg", "width": 3899, "height": 2924, "position": [0.4448332507400945, -2.991131512912419, 3.6480618373949545], "rotation": [[0.8215603612807214, 0.1934997341836035, 0.5362801745759069], [-0.18777569965218308, -0.7963195062943376, 0.5749917656064959], [0.5383111176563451, -0.5730908276756983, -0.6178899933172242]], "fy": 4098.302733061712, "fx": 4098.302733061712}, {"id": 68, "img_name": "IMG_3009.jpg", "width": 3899, "height": 2924, "position": [0.23440109191185088, -1.8968419793470843, 4.287070034501221], "rotation": [[0.8089601227167036, 0.11488556045892667, 0.5765282541664494], [-0.11273146742160728, -0.932199755996255, 0.34394073788007834], [0.5769533222949209, -0.343227217624943, -0.741161211191123]], "fy": 4098.302733061712, "fx": 4098.302733061712}, {"id": 69, "img_name": "IMG_3010.jpg", "width": 3899, "height": 2924, "position": [0.132497520624486, -1.2457020587642127, 4.497719427351027], "rotation": [[0.8005424809892845, 0.07498014754567628, 0.5945668285445713], [-0.05284356229151604, -0.9794449354537884, 0.19466683420209668], [0.5969416169575242, -0.18725809965914042, -0.7801250605231083]], "fy": 4098.302733061712, "fx": 4098.302733061712}, {"id": 70, "img_name": "IMG_3011.jpg", "width": 3899, "height": 2924, "position": [0.060767180052302645, -0.3970317537754043, 4.669418572428261], "rotation": [[0.7937491072329468, 0.009980817074994172, 0.6081634139418579], [0.0021648244140443557, -0.9999053841019238, 0.013584416779548532], [0.608241455593218, -0.009466051684817012, -0.7936956126647946]], "fy": 4098.302733061712, "fx": 4098.302733061712}, {"id": 71, "img_name": "IMG_3012.jpg", "width": 3899, "height": 2924, "position": [0.08741839099731956, 0.28564318378475273, 4.615559912446708], "rotation": [[0.7965483014900255, -0.040455350236713226, 0.6032198339167739], [0.052897234113109315, -0.9892686211796272, -0.13619646754795664], [0.6022563291627064, 0.14039572567063274, -0.7858602637854124]], "fy": 4098.302733061712, "fx": 4098.302733061712}, {"id": 72, "img_name": "IMG_3013.jpg", "width": 3899, "height": 2924, "position": [0.20750592813683028, 1.3934242492012487, 4.325760681259807], "rotation": [[0.806616808750806, -0.12386885100814127, 0.5779496791162606], [0.133165922523549, -0.9145726225072558, -0.38186876703738465], [0.5758785991154018, 0.38498496842100605, -0.7212145403212269]], "fy": 4098.302733061712, "fx": 4098.302733061712}, {"id": 73, "img_name": "IMG_3014.jpg", "width": 3899, "height": 2924, "position": [0.36742064754452525, 2.1070965006136313, 3.861698190657407], "rotation": [[0.8140860159554901, -0.17469023381131812, 0.5538477054540032], [0.1818892806123275, -0.829006666719535, -0.5288329000099135], [0.5515253831185356, 0.5312544293890755, -0.6431084535523073]], "fy": 4098.302733061712, "fx": 4098.302733061712}, {"id": 74, "img_name": "IMG_3015.jpg", "width": 3899, "height": 2924, "position": [-1.016051083587884, -0.4190566427009664, -2.2608106247662554], "rotation": [[0.6827555187974526, 0.012639666140911264, 0.7305375694592768], [-0.02494480119900515, 0.9996707216620274, 0.006017071120007955], [-0.7302209654924757, -0.022331302952748284, 0.6828459961540881]], "fy": 4098.302733061712, "fx": 4098.302733061712}, {"id": 75, "img_name": "IMG_3016.jpg", "width": 3899, "height": 2924, "position": [-1.0706046476714939, -0.7387002441516796, -2.185492660786831], "rotation": [[0.6705663552534831, 0.098159029941793, 0.7353268443644264], [-0.24894783405319465, 0.9635048337747686, 0.09840432517363497], [-0.6988316958483511, -0.24904465489855754, 0.6705304025502318]], "fy": 4098.302733061712, "fx": 4098.302733061712}, {"id": 76, "img_name": "IMG_3017.jpg", "width": 3899, "height": 2924, "position": [-1.1247905527973983, -1.1556438340937396, -2.0600526131194803], "rotation": [[0.6506668427877197, 0.16648330821008803, 0.740888633860775], [-0.4244562283497012, 0.8887564009530445, 0.17305770708101212], [-0.6296582961510213, -0.4270777070421915, 0.6489491985015292]], "fy": 4098.302733061712, "fx": 4098.302733061712}, {"id": 77, "img_name": "IMG_3018.jpg", "width": 3899, "height": 2924, "position": [-1.201282691995029, -1.509497984730234, -1.9425978984771015], "rotation": [[0.6089147939136981, 0.23793584166630258, 0.7567095274962425], [-0.609696918747816, 0.7506356069536616, 0.2545895772468446], [-0.5074371301180644, -0.6163868272634129, 0.6021418754360855]], "fy": 4098.302733061712, "fx": 4098.302733061712}, {"id": 78, "img_name": "IMG_3019.jpg", "width": 3899, "height": 2924, "position": [-1.393962844675811, -1.9331147768138746, -1.5661841426701097], "rotation": [[0.5529139929885346, 0.2966078885178781, 0.7786590247511684], [-0.7735342430011629, 0.5300846216919635, 0.3473543849590874], [-0.3097271238721153, -0.7943765192367244, 0.5225275633143703]], "fy": 4098.302733061712, "fx": 4098.302733061712}, {"id": 79, "img_name": "IMG_3020.jpg", "width": 3899, "height": 2924, "position": [-1.6243759662314818, -2.2068424175896237, -0.9463241919811799], "rotation": [[0.4431328247885352, 0.34223417738510403, 0.8285584272846872], [-0.8964378418087559, 0.16329124871499387, 0.4119892763972838], [0.00570047087466066, -0.9253171002000551, 0.3791513796746202]], "fy": 4098.302733061712, "fx": 4098.302733061712}, {"id": 80, "img_name": "IMG_3021.jpg", "width": 3899, "height": 2924, "position": [-1.737189250243025, -2.215482719494902, -0.45818375485422713], "rotation": [[0.35900709933479263, 0.34550155272704564, 0.8670308989248415], [-0.9004424580223102, -0.1162310469560786, 0.419158351359285], [0.2455957703584459, -0.9311922576926281, 0.26937649636771793]], "fy": 4098.302733061712, "fx": 4098.302733061712}, {"id": 81, "img_name": "IMG_3022.jpg", "width": 3899, "height": 2924, "position": [-1.8973177289059011, -2.165560007601019, 0.006149084212117503], "rotation": [[0.2946621228895685, 0.32395218558671746, 0.8990156921810664], [-0.8423646885271454, -0.35616556544751965, 0.4044351882712654], [0.45121609552051467, -0.8764708046723734, 0.1679373802945136]], "fy": 4098.302733061712, "fx": 4098.302733061712}, {"id": 82, "img_name": "IMG_3023.jpg", "width": 3899, "height": 2924, "position": [-1.9985157215462523, -1.9675626792150107, 0.4426724336666377], "rotation": [[0.23751235566510864, 0.28553004277838734, 0.9284721189014687], [-0.7409077892447001, -0.5648930449835166, 0.3632512843277798], [0.6282065971819636, -0.7741888932296968, 0.0773823549450085]], "fy": 4098.302733061712, "fx": 4098.302733061712}, {"id": 83, "img_name": "IMG_3024.jpg", "width": 3899, "height": 2924, "position": [-2.187488647366073, -1.61566764122845, 0.8872126733528537], "rotation": [[0.17841546886585155, 0.2198260387857254, 0.9590852064030364], [-0.519923176865511, -0.8064739138077499, 0.28156654010319476], [0.8353728572484582, -0.5488864536672282, -0.029594769016852422]], "fy": 4098.302733061712, "fx": 4098.302733061712}, {"id": 84, "img_name": "IMG_3025.jpg", "width": 3899, "height": 2924, "position": [-2.2465361574537472, -1.1114962109587567, 1.2139930383607438], "rotation": [[0.13707256628193928, 0.13807464552713272, 0.980890668645308], [-0.30419772532518496, -0.9365200958194797, 0.17433833208234847], [0.9426955263921996, -0.32228171277444295, -0.0863692198141484]], "fy": 4098.302733061712, "fx": 4098.302733061712}, {"id": 85, "img_name": "IMG_3026.jpg", "width": 3899, "height": 2924, "position": [-2.320374440593946, -0.44415302627082026, 1.418426177360938], "rotation": [[0.11784134344823383, 0.041483191801708445, 0.9921655923142355], [-0.05733974055297566, -0.997175817589495, 0.048503020195024976], [0.9913755957898261, -0.06260617870996622, -0.11512990254361755]], "fy": 4098.302733061712, "fx": 4098.302733061712}, {"id": 86, "img_name": "IMG_3027.jpg", "width": 3899, "height": 2924, "position": [-2.318601416562305, 0.41293242362807236, 1.3683420543234621], "rotation": [[0.1286791145979243, -0.08237982609971757, 0.9882586957462475], [0.2966905678691978, -0.9477013116690641, -0.1176304841364983], [0.9462644410542682, 0.3083436201910367, -0.09750804830237521]], "fy": 4098.302733061712, "fx": 4098.302733061712}, {"id": 87, "img_name": "IMG_3028.jpg", "width": 3899, "height": 2924, "position": [-2.309922563122856, 1.0342336727454147, 1.0918982947366904], "rotation": [[0.18679861833243197, -0.17770966048662543, 0.9661912609617324], [0.577862736049989, -0.7754858752964665, -0.254354704105297], [0.7944689638204346, 0.6058390329001596, -0.04216789941038024]], "fy": 4098.302733061712, "fx": 4098.302733061712}, {"id": 88, "img_name": "IMG_3029.jpg", "width": 3899, "height": 2924, "position": [-2.1543259948987523, 1.6431024257452445, 0.47747231331790896], "rotation": [[0.27319784218618975, -0.26003307533539194, 0.9261456358243167], [0.7955284600999689, -0.4802147126579366, -0.36949735982524573], [0.5408302951904428, 0.8377210928933766, 0.07567008871241435]], "fy": 4098.302733061712, "fx": 4098.302733061712}, {"id": 89, "img_name": "IMG_3030.jpg", "width": 3899, "height": 2924, "position": [-1.8126610254010131, 1.9303666432904232, -0.44441498500214655], "rotation": [[0.407156245762201, -0.3063674367971691, 0.8604433654850056], [0.90224234406208, -0.011620318458047459, -0.43107275578525805], [0.1420652811850714, 0.9518424039037482, 0.2716863890822292]], "fy": 4098.302733061712, "fx": 4098.302733061712}, {"id": 90, "img_name": "IMG_3031.jpg", "width": 3899, "height": 2924, "position": [-1.4956486229318167, 1.7715962094527171, -1.1102036803599644], "rotation": [[0.483330246234082, -0.30269799739246267, 0.8214412915418207], [0.8695370675748166, 0.27475717123642707, -0.4103824861851992], [-0.10147492886762802, 0.912623919930192, 0.3960055802416937]], "fy": 4098.302733061712, "fx": 4098.302733061712}, {"id": 91, "img_name": "IMG_3032.jpg", "width": 3899, "height": 2924, "position": [-1.3169628373502642, 1.4769753676373254, -1.6088714342853607], "rotation": [[0.5674896578678411, -0.2625153382374792, 0.7804109080497929], [0.750594746266175, 0.5545593799948864, -0.35926511232974384], [-0.3384715868291708, 0.7896515631908475, 0.5117493465160401]], "fy": 4098.302733061712, "fx": 4098.302733061712}, {"id": 92, "img_name": "IMG_3033.jpg", "width": 3899, "height": 2924, "position": [-1.189202592933352, 1.047064079211947, -2.0575400008834848], "rotation": [[0.642125918521822, -0.18684863605010799, 0.7434795840967798], [0.5437803192651538, 0.7946264734519207, -0.2699476469044538], [-0.5403492103652915, 0.5776299463285974, 0.6118548651126569]], "fy": 4098.302733061712, "fx": 4098.302733061712}, {"id": 93, "img_name": "IMG_3034.jpg", "width": 3899, "height": 2924, "position": [-1.1498958431940791, 0.6812446495635439, -2.2917649531084385], "rotation": [[0.6774894227469681, -0.12744793664983256, 0.7244067265767761], [0.3795812632045399, 0.9041751675827049, -0.19592174700842507], [-0.6300207509995408, 0.40770613163219394, 0.6609459611341056]], "fy": 4098.302733061712, "fx": 4098.302733061712}, {"id": 94, "img_name": "IMG_3035.jpg", "width": 3899, "height": 2924, "position": [-1.075649598186649, 0.2760459097263625, -2.4051890243191862], "rotation": [[0.6966215735876655, -0.05254222683625764, 0.7155121924966281], [0.18172960672900565, 0.9777120829262457, -0.10513530776167916], [-0.6940408728960893, 0.2032692728847853, 0.6906438079433748]], "fy": 4098.302733061712, "fx": 4098.302733061712}, {"id": 95, "img_name": "IMG_3036.jpg", "width": 3899, "height": 2924, "position": [-1.0092650378865766, -0.3323851495364199, -2.506685738556082], "rotation": [[0.7030756906374421, 0.011792365690397964, 0.7110172384310438], [-0.02176611255115283, 0.9997508758098104, 0.004941928968280455], [-0.7107818298036988, -0.018950631359954926, 0.7031572114342316]], "fy": 4098.302733061712, "fx": 4098.302733061712}, {"id": 96, "img_name": "IMG_3037.jpg", "width": 3899, "height": 2924, "position": [-1.6802727942612155, -0.4208913172724788, -1.0483460858701192], "rotation": [[0.4102151681270082, 0.010232630708194317, 0.9119313620592946], [-0.02531911645242351, 0.9996794049727444, 0.00017209127924967246], [-0.9116372404529112, -0.023159890805647065, 0.41034273635251717]], "fy": 4098.302733061712, "fx": 4098.302733061712}, {"id": 97, "img_name": "IMG_3038.jpg", "width": 3899, "height": 2924, "position": [-1.82693524124045, -0.6194077542204236, -1.1613921416745248], "rotation": [[0.3865074105248995, 0.1680109874251419, 0.9068540840255203], [-0.4959455341629627, 0.8668680279846337, 0.05077252408385807], [-0.7775924695836183, -0.469374189919366, 0.41837521566697566]], "fy": 4098.302733061712, "fx": 4098.302733061712}, {"id": 98, "img_name": "IMG_3039.jpg", "width": 3899, "height": 2924, "position": [-1.8857670398708792, -0.8140216243390374, -0.8619939828820423], "rotation": [[0.20263013160184024, 0.3145884111156588, 0.9273484573550257], [-0.9486505162301101, 0.2979642375813726, 0.10620504309540538], [-0.24290580030819847, -0.9012499346542425, 0.35881099127863536]], "fy": 4098.302733061712, "fx": 4098.302733061712}, {"id": 99, "img_name": "IMG_3040.jpg", "width": 3899, "height": 2924, "position": [-2.1658816660191444, -0.9226920792863113, -0.22631587214783536], "rotation": [[-0.05863117232322154, 0.27386280008446806, 0.9599799749796342], [-0.8150916950430